 -671.75
 -718.46
 -745.90
 -766.49
 -633.43
 -660.22
 -736.76
 -751.82
 -684.63
 -722.29
 -653.92
 -731.99
 -735.28
 -600.92
 -714.18
 -638.70
 -640.72
 -723.30
 -665.34
 -768.13
 -631.63
 -702.03
 -732.68
 -661.38
 -679.46
 -699.33
 -652.17
 -690.42
 -592.25
 -678.69
 -747.38
 -724.88
 -745.29
 -645.38
 -696.26
 -742.54
 -656.41
 -717.00
 -717.00
 -736.99
 -734.40
 -730.45
 -686.26
 -677.51
 -663.95
 -742.15
 -714.54
 -730.98
 -738.10
 -726.73
 -724.34
 -645.23
 -691.40
 -714.64
  640.30
 -705.26
 -691.46
